============== Log Started ==============
Application: cmake_test1117
Version: 
Timestamp: 2025-11-18 16:28:29
=========================================

[2025-11-18 16:28:29.343] [DEBUG] 界面上步态绘图区域长 宽：1331 287
[2025-11-18 16:28:30.819] [DEBUG] 进入步态绘图 Point_commondata posList_数据个数： 0
[2025-11-18 16:28:55.908] [DEBUG] 进行步态数据解析的数据文件路径H:/desk/git_butai/build-cmake_test1117-Desktop_Qt_6_6_1_MSVC2019_64bit-Debug/data_dongtai/2025_09_23_11_12_46_dataRecord_Dongtai.txt
[2025-11-18 16:28:58.528] [DEBUG] 步态cop轨迹坐标：(115.85, 31.5421) (115.85, 31.5421) (115.85, 31.5421) (115.85, 31.5421) (116.154, 31.6609) (116.154, 31.6609) (116.154, 31.6609) (116.154, 31.6609) (116.154, 31.6609) (116.409, 31.6774) (116.409, 31.6774) (116.409, 31.6774) (116.409, 31.6774) (116.427, 31.4287) (116.427, 31.4287) (116.427, 31.4287) (116.427, 31.4287) (116.119, 31.2449) (116.119, 31.2449) (116.119, 31.2449) (116.119, 31.2449) (116.119, 31.2449) (116.052, 31.0247) (116.052, 31.0247) (116.052, 31.0247) (116.052, 31.0247) (116.129, 28.9759) (116.129, 28.9759) (116.129, 28.9759) (116.129, 28.9759) (115.832, 28.4255) (115.832, 28.4255) (115.832, 28.4255) (115.832, 28.4255) (115.832, 28.4255) (116.011, 28.6302) (116.011, 28.6302) (116.011, 28.6302) (116.011, 28.6302) (116.093, 28.3629) (116.093, 28.3629) (116.093, 28.3629) (116.093, 28.3629) (116.11, 28.2655) (116.11, 28.2655) (116.11, 28.2655) (116.11, 28.2655) (116.11, 28.2655) (115.995, 27.5786) (115.995, 27.5786) (115.995, 27.5786) (115.995, 27.5786) (115.382, 26.0373) (115.382, 26.0373) (115.382, 26.0373) (115.382, 26.0373) (114.846, 21.5336) (114.846, 21.5336) (114.846, 21.5336) (114.846, 21.5336) (114.846, 21.5336) (114.794, 21.0178) (114.794, 21.0178) (114.794, 21.0178) (114.794, 21.0178) (114.665, 21.0044) (114.665, 21.0044) (114.665, 21.0044) (114.665, 21.0044) (114.665, 21.0044) (113.177, 20.2879) (113.177, 20.2879) (113.177, 20.2879) (113.177, 20.2879) (106.636, 23.5172) (106.636, 23.5172) (106.636, 23.5172) (106.636, 23.5172) (94.7035, 29.2787) (94.7035, 29.2787) (94.7035, 29.2787) (94.7035, 29.2787) (94.7035, 29.2787) (93.9639, 29.5013) (93.9639, 29.5013) (93.9639, 29.5013) (93.9639, 29.5013) (93.8709, 29.5151) (93.8709, 29.5151) (93.8709, 29.5151) (93.8709, 29.5151) (92.888, 30.0084) (92.888, 30.0084) (92.888, 30.0084) (86.6672, 27.5678) (86.6672, 27.5678) (84.9915, 28.1387) (84.9915, 28.1387) (83.6151, 27.6538) (83.6151, 27.6538) (80.0151, 25.8187) (80.0151, 25.8187) (80.0151, 25.8187) (78.6109, 24.8481) (75.7763, 23.3227) (75.7763, 23.3227) (75.7763, 23.3227) (75.0589, 23.2806) (75.0589, 23.2806) (75.0589, 23.2806) (75.0589, 23.2806) (75.0589, 23.2806) (74.5945, 23.2796) (74.5945, 23.2796) (74.5945, 23.2796) (74.5945, 23.2796) (73.1804, 22.8953) (73.1804, 22.8953) (73.1804, 22.8953) (73.1804, 22.8953) (54.4378, 26.881) (54.4378, 26.881) (54.4378, 26.881) (54.4378, 26.881) (54.4378, 26.881) (51.6858, 27.5489) (51.6858, 27.5489) (51.6858, 27.5489) (51.6858, 27.5489) (51.4579, 27.5337) (51.4579, 27.5337) (51.4579, 27.5337) (51.4579, 27.5337) (50.9225, 27.5165) (50.9225, 27.5165) (50.9225, 27.5165) (50.9225, 27.5165) (50.9225, 27.5165) (44.3234, 26.7063) (42.7353, 26.0879) (42.7353, 26.0879) (42.7353, 26.0879) (40.7371, 25.8395) (38.623, 24.8327) (38.623, 24.8327) (38.623, 24.8327) (32.7987, 22.4769) (31.9046, 22.0833) (31.9046, 22.0833) (31.9046, 22.0833) (31.9046, 22.0833) (30.4415, 21.438) (30.2106, 21.5208) (30.2106, 21.5208) (30.2106, 21.5208) (30.2106, 21.5208) (30.2684, 21.3948) (30.2684, 21.3948) (30.2684, 21.3948) (30.2684, 21.3948) (28.8397, 20.972) (28.8397, 20.972) (28.8397, 20.972) (28.8397, 20.972) (28.8397, 20.972) (27.34, 20.861) (27.34, 20.861) (27.34, 20.861) (27.34, 20.861) (18.5273, 22.8318) (18.5273, 22.8318) (18.5273, 22.8318) (18.5273, 22.8318) (18.5273, 22.8318) (6.89255, 25.0301) (6.89255, 25.0301) (6.89255, 25.0301) (6.89255, 25.0301) (6.09741, 25.2834) (6.09741, 25.2834) (6.09741, 25.2834) (6.09741, 25.2834) (6.06127, 25.2938) (6.06127, 25.2938) (6.06127, 25.2938) (6.06127, 25.2938) (6.06127, 25.2938) (5.62545, 25.5235) (5.62545, 25.5235) (5.62545, 25.5235) (5.62545, 25.5235) (5.19647, 25.7064) (5.19647, 25.7064) (5.19647, 25.7064) (5.19647, 25.7064) (5.19647, 25.7064) (5.17768, 25.7347) (5.17768, 25.7347) (5.17768, 25.7347) (5.17768, 25.7347) (5.32784, 25.5915) (5.32784, 25.5915) (5.32784, 25.5915) (5.32784, 25.5915) (5.89623, 25.0846) (5.89623, 25.0846) (5.89623, 25.0846) (5.89623, 25.0846) (6.6243, 24.2319) (6.6243, 24.2319) (6.6243, 24.2319) (6.6243, 24.2319) (6.6243, 24.2319) (6.64542, 24.1617) (6.64542, 24.1617) (6.64542, 24.1617) (6.64542, 24.1617) (4.42532, 24.8168) (4.42532, 24.8168) (4.42532, 24.8168) (4.42532, 24.8168) 
[2025-11-18 16:28:59.160] [DEBUG] 该步态分析报告文件名：H:/desk/git_butai/build-cmake_test1117-Desktop_Qt_6_6_1_MSVC2019_64bit-Debug/pdfadress/2025-11-18-16-28-59_Dongtai.pdf
[2025-11-18 16:28:59.163] [DEBUG] 进入生成步态报告2479 3508
[2025-11-18 16:28:59.362] [DEBUG] 结束步态报告绘制
[2025-11-18 16:28:59.531] [DEBUG] 进入步态绘图 Point_commondata posList_数据个数： 0
[2025-11-18 16:29:08.966] [DEBUG] 进入步态绘图 Point_commondata posList_数据个数： 0
[2025-11-18 16:29:08.996] [DEBUG] 进入步态绘图 Point_commondata posList_数据个数： 0
[2025-11-18 16:29:10.114] [DEBUG] 进入步态绘图 Point_commondata posList_数据个数： 0
[2025-11-18 16:29:10.154] [DEBUG] 进入步态绘图 Point_commondata posList_数据个数： 0
[2025-11-18 16:29:27.601] [DEBUG] 进入步态绘图 Point_commondata posList_数据个数： 0
[2025-11-18 16:29:27.632] [DEBUG] 进入步态绘图 Point_commondata posList_数据个数： 0
